_viz_0 = nengo_gui.components.HTMLView(environment)
_viz_config[_viz_0].x = 0.5839226047089904
_viz_config[_viz_0].y = 0.23207607342032543
_viz_config[_viz_0].width = 0.13210039630118892
_viz_config[_viz_0].height = 0.12453300124533001
_viz_config[_viz_0].label_visible = True
_viz_1 = nengo_gui.components.Slider(linear_velocity)
_viz_config[_viz_1].max_value = 5
_viz_config[_viz_1].min_value = -5
_viz_config[_viz_1].x = 0.12926412308648694
_viz_config[_viz_1].y = 0.22658395148627433
_viz_config[_viz_1].width = 0.06605019815059446
_viz_config[_viz_1].height = 0.12453300124533001
_viz_config[_viz_1].label_visible = True
_viz_2 = nengo_gui.components.Slider(map_selector)
_viz_config[_viz_2].max_value = 10
_viz_config[_viz_2].min_value = 0
_viz_config[_viz_2].x = 0.1224106156656603
_viz_config[_viz_2].y = 0.7830502113239041
_viz_config[_viz_2].width = 0.06604426530386898
_viz_config[_viz_2].height = 0.11717705548128342
_viz_config[_viz_2].label_visible = True
_viz_net_graph = nengo_gui.components.NetGraph()
_viz_progress = nengo_gui.components.Progress()
_viz_config[_viz_progress].x = 0
_viz_config[_viz_progress].y = 0
_viz_config[_viz_progress].width = 100
_viz_config[_viz_progress].height = 100
_viz_config[_viz_progress].label_visible = True
_viz_sim_control = nengo_gui.components.SimControl()
_viz_config[_viz_sim_control].shown_time = 0.5
_viz_config[_viz_sim_control].kept_time = 4.0
_viz_config[angular_velocity].pos=(0.8529411764705882, 0.49999999999999994)
_viz_config[angular_velocity].size=(0.09803921568627451, 0.10869565217391303)
_viz_config[environment].pos=(0.480392156862745, 0.49999999999999994)
_viz_config[environment].size=(0.07843137254901959, 0.08695652173913043)
_viz_config[linear_velocity].pos=(0.12745098039215685, 0.19565217391304346)
_viz_config[linear_velocity].size=(0.07843137254901959, 0.08695652173913043)
_viz_config[map_selector].pos=(0.12745098039215685, 0.8043478260869565)
_viz_config[map_selector].size=(0.07843137254901959, 0.08695652173913043)
_viz_config[model].pos=(-0.0036801652747868105, -0.012031088332250535)
_viz_config[model].size=(1.0, 1.0)
_viz_config[model].expanded=True
_viz_config[model].has_layout=True