_viz_0 = nengo_gui.components.HTMLView(env)
_viz_config[_viz_0].x = 0.7943548387096774
_viz_config[_viz_0].y = 0.5092036986525557
_viz_config[_viz_0].width = 0.13440860215053763
_viz_config[_viz_0].height = 0.12547051442910917
_viz_config[_viz_0].label_visible = True
_viz_1 = nengo_gui.components.Slider(seed_slider)
_viz_config[_viz_1].max_value = 10
_viz_config[_viz_1].min_value = 0
_viz_config[_viz_1].x = 0.206989247311828
_viz_config[_viz_1].y = 0.7759340461513282
_viz_config[_viz_1].width = 0.06720430107526881
_viz_config[_viz_1].height = 0.12547051442910917
_viz_config[_viz_1].label_visible = True
_viz_2 = nengo_gui.components.Slider(number_of_images)
_viz_config[_viz_2].max_value = 20
_viz_config[_viz_2].min_value = 0
_viz_config[_viz_2].x = 0.1935483870967742
_viz_config[_viz_2].y = 0.22992629971087225
_viz_config[_viz_2].width = 0.06720430107526881
_viz_config[_viz_2].height = 0.12547051442910917
_viz_config[_viz_2].label_visible = True
_viz_net_graph = nengo_gui.components.NetGraph()
_viz_progress = nengo_gui.components.Progress()
_viz_config[_viz_progress].x = 0
_viz_config[_viz_progress].y = 0
_viz_config[_viz_progress].width = 100
_viz_config[_viz_progress].height = 100
_viz_config[_viz_progress].label_visible = True
_viz_sim_control = nengo_gui.components.SimControl()
_viz_config[_viz_sim_control].shown_time = 0.5
_viz_config[_viz_sim_control].kept_time = 4.0
_viz_config[env].pos=(0.7903225806451613, 0.49999999999999994)
_viz_config[env].size=(0.12903225806451613, 0.08695652173913043)
_viz_config[model].pos=(0, 0)
_viz_config[model].size=(1.0, 1.0)
_viz_config[model].expanded=True
_viz_config[model].has_layout=True
_viz_config[number_of_images].pos=(0.2096774193548387, 0.19565217391304346)
_viz_config[number_of_images].size=(0.12903225806451613, 0.08695652173913043)
_viz_config[seed_slider].pos=(0.2096774193548387, 0.8043478260869565)
_viz_config[seed_slider].size=(0.12903225806451613, 0.08695652173913043)