_viz_0 = nengo_gui.components.Slider(stim)
_viz_config[_viz_0].max_value = 1
_viz_config[_viz_0].min_value = -1
_viz_config[_viz_0].x = 0.14041196796540495
_viz_config[_viz_0].y = 0.7867483793095194
_viz_config[_viz_0].width = 0.07122507122507123
_viz_config[_viz_0].height = 0.1400560224089636
_viz_config[_viz_0].label_visible = True
_viz_1 = nengo_gui.components.Slider(stim2)
_viz_config[_viz_1].max_value = 1
_viz_config[_viz_1].min_value = -1
_viz_config[_viz_1].x = 0.12974919367843882
_viz_config[_viz_1].y = 0.23445061903667722
_viz_config[_viz_1].width = 0.07122507122507123
_viz_config[_viz_1].height = 0.1400560224089636
_viz_config[_viz_1].label_visible = True
_viz_2 = nengo_gui.components.Value(ens2)
_viz_config[_viz_2].max_value = 1
_viz_config[_viz_2].min_value = -1
_viz_config[_viz_2].show_legend = False
_viz_config[_viz_2].legend_labels = ['label_0']
_viz_config[_viz_2].synapse = 0.01
_viz_config[_viz_2].x = 0.8566816044297707
_viz_config[_viz_2].y = 0.2710628060306149
_viz_config[_viz_2].width = 0.14245014245014245
_viz_config[_viz_2].height = 0.1400560224089636
_viz_config[_viz_2].label_visible = True
_viz_net_graph = nengo_gui.components.NetGraph()
_viz_progress = nengo_gui.components.Progress()
_viz_config[_viz_progress].x = 0
_viz_config[_viz_progress].y = 0
_viz_config[_viz_progress].width = 100
_viz_config[_viz_progress].height = 100
_viz_config[_viz_progress].label_visible = True
_viz_sim_control = nengo_gui.components.SimControl()
_viz_config[_viz_sim_control].shown_time = 0.5
_viz_config[_viz_sim_control].kept_time = 4.0
_viz_config[ens].pos=(0.48113207547169806, 0.7999999999999999)
_viz_config[ens].size=(0.09433962264150943, 0.1)
_viz_config[ens2].pos=(0.8584905660377359, 0.5)
_viz_config[ens2].size=(0.09433962264150943, 0.1)
_viz_config[ens3].pos=(0.48113207547169806, 0.2)
_viz_config[ens3].size=(0.09433962264150943, 0.1)
_viz_config[model].pos=(0.3769404634718242, 0.596051679785011)
_viz_config[model].size=(0.5289256198347108, 0.5289256198347108)
_viz_config[model].expanded=True
_viz_config[model].has_layout=True
_viz_config[stim].pos=(0.12264150943396226, 0.7999999999999999)
_viz_config[stim].size=(0.07547169811320754, 0.08)
_viz_config[stim2].pos=(0.12264150943396226, 0.2)
_viz_config[stim2].size=(0.07547169811320754, 0.08)