_viz_0 = nengo_gui.components.Slider(stim_u)
_viz_config[_viz_0].max_value = 1
_viz_config[_viz_0].min_value = -1
_viz_config[_viz_0].x = 0.12193205075855602
_viz_config[_viz_0].y = 0.2481449975449164
_viz_config[_viz_0].width = 0.08156606851549755
_viz_config[_viz_0].height = 0.1400560224089636
_viz_config[_viz_0].label_visible = True
_viz_1 = nengo_gui.components.Slider(stim_alpha)
_viz_config[_viz_1].max_value = 1
_viz_config[_viz_1].min_value = -1
_viz_config[_viz_1].x = 0.12990740659451253
_viz_config[_viz_1].y = 0.8036226484539121
_viz_config[_viz_1].width = 0.08156606851549755
_viz_config[_viz_1].height = 0.1400560224089636
_viz_config[_viz_1].label_visible = True
_viz_2 = nengo_gui.components.Value(integrator)
_viz_config[_viz_2].max_value = 1
_viz_config[_viz_2].min_value = -1
_viz_config[_viz_2].show_legend = False
_viz_config[_viz_2].legend_labels = ['label_0', 'label_1']
_viz_config[_viz_2].synapse = 0.01
_viz_config[_viz_2].x = 0.8205046462240106
_viz_config[_viz_2].y = 0.1664876355083049
_viz_config[_viz_2].width = 0.1631321370309951
_viz_config[_viz_2].height = 0.1400560224089636
_viz_config[_viz_2].label_visible = True
_viz_net_graph = nengo_gui.components.NetGraph()
_viz_progress = nengo_gui.components.Progress()
_viz_config[_viz_progress].x = 0
_viz_config[_viz_progress].y = 0
_viz_config[_viz_progress].width = 100
_viz_config[_viz_progress].height = 100
_viz_config[_viz_progress].label_visible = True
_viz_sim_control = nengo_gui.components.SimControl()
_viz_config[_viz_sim_control].shown_time = 0.5
_viz_config[_viz_sim_control].kept_time = 4.0
_viz_config[alpha].pos=(0.48113207547169806, 0.7999999999999999)
_viz_config[alpha].size=(0.09433962264150943, 0.1)
_viz_config[integrator].pos=(0.8584905660377359, 0.5)
_viz_config[integrator].size=(0.09433962264150943, 0.1)
_viz_config[model].pos=(0.012573965077991148, 0.09274315651779153)
_viz_config[model].size=(0.8734459912383018, 0.8734459912383018)
_viz_config[model].expanded=True
_viz_config[model].has_layout=True
_viz_config[stim_alpha].pos=(0.12264150943396226, 0.7999999999999999)
_viz_config[stim_alpha].size=(0.07547169811320754, 0.08)
_viz_config[stim_u].pos=(0.12264150943396226, 0.2)
_viz_config[stim_u].size=(0.07547169811320754, 0.08)
_viz_config[u].pos=(0.48113207547169806, 0.2)
_viz_config[u].size=(0.09433962264150943, 0.1)