_viz_0 = nengo_gui.components.XYValue(osc)
_viz_config[_viz_0].max_value = 1
_viz_config[_viz_0].min_value = -1
_viz_config[_viz_0].index_x = 0
_viz_config[_viz_0].index_y = 1
_viz_config[_viz_0].x = 0.4569209445033505
_viz_config[_viz_0].y = 0.7898865314055126
_viz_config[_viz_0].width = 0.13343657530821837
_viz_config[_viz_0].height = 0.14222357218021606
_viz_config[_viz_0].label_visible = True
_viz_1 = nengo_gui.components.XYValue(heart)
_viz_config[_viz_1].max_value = 3
_viz_config[_viz_1].min_value = -3
_viz_config[_viz_1].index_x = 0
_viz_config[_viz_1].index_y = 1
_viz_config[_viz_1].x = 0.818295736624654
_viz_config[_viz_1].y = 0.18769728219531373
_viz_config[_viz_1].width = 0.15015015015015015
_viz_config[_viz_1].height = 0.16501650165016502
_viz_config[_viz_1].label_visible = True
_viz_2 = nengo_gui.components.Slider(speed)
_viz_config[_viz_2].max_value = 1
_viz_config[_viz_2].min_value = -1
_viz_config[_viz_2].x = 0.12604113547509765
_viz_config[_viz_2].y = 0.675001773514011
_viz_config[_viz_2].width = 0.07507507507507508
_viz_config[_viz_2].height = 0.16501650165016502
_viz_config[_viz_2].label_visible = True
_viz_net_graph = nengo_gui.components.NetGraph()
_viz_progress = nengo_gui.components.Progress()
_viz_config[_viz_progress].x = 0
_viz_config[_viz_progress].y = 0
_viz_config[_viz_progress].width = 100
_viz_config[_viz_progress].height = 100
_viz_config[_viz_progress].label_visible = True
_viz_sim_control = nengo_gui.components.SimControl()
_viz_config[_viz_sim_control].shown_time = 0.5
_viz_config[_viz_sim_control].kept_time = 4.0
_viz_config[heart].pos=(0.8584905660377359, 0.49999999999999994)
_viz_config[heart].size=(0.09433962264150943, 0.10869565217391303)
_viz_config[model].pos=(0.49565864975703744, 0.41071662559308475)
_viz_config[model].size=(0.4929276389987398, 0.4929276389987398)
_viz_config[model].expanded=True
_viz_config[model].has_layout=True
_viz_config[osc].pos=(0.48113207547169806, 0.49999999999999994)
_viz_config[osc].size=(0.09433962264150943, 0.10869565217391303)
_viz_config[speed].pos=(0.12264150943396226, 0.8043478260869565)
_viz_config[speed].size=(0.07547169811320754, 0.08695652173913043)
_viz_config[stim].pos=(0.12264150943396226, 0.19565217391304346)
_viz_config[stim].size=(0.07547169811320754, 0.08695652173913043)