_viz_0 = nengo_gui.components.Value(action)
_viz_config[_viz_0].x = 0.14443139217950327
_viz_config[_viz_0].label_visible = True
_viz_config[_viz_0].y = 0.18689523481705597
_viz_config[_viz_0].show_legend = False
_viz_config[_viz_0].synapse = 0.01
_viz_config[_viz_0].width = 0.10775862068965517
_viz_config[_viz_0].legend_labels = ['label_0']
_viz_config[_viz_0].min_value = -1
_viz_config[_viz_0].max_value = 1
_viz_config[_viz_0].height = 0.12150668286755771
_viz_1 = nengo_gui.components.Value(observation)
_viz_config[_viz_1].x = 0.5490407369844482
_viz_config[_viz_1].label_visible = True
_viz_config[_viz_1].y = 0.13967482497251643
_viz_config[_viz_1].show_legend = False
_viz_config[_viz_1].synapse = 0.01
_viz_config[_viz_1].width = 0.10775862068965517
_viz_config[_viz_1].legend_labels = ['label_0', 'label_1', 'label_2', 'label_3']
_viz_config[_viz_1].min_value = -1
_viz_config[_viz_1].max_value = 1
_viz_config[_viz_1].height = 0.12150668286755771
_viz_2 = nengo_gui.components.Value(reward)
_viz_config[_viz_2].x = 0.5458079783637585
_viz_config[_viz_2].label_visible = True
_viz_config[_viz_2].y = 0.6474570387085575
_viz_config[_viz_2].show_legend = False
_viz_config[_viz_2].synapse = 0.01
_viz_config[_viz_2].width = 0.10775862068965517
_viz_config[_viz_2].legend_labels = ['label_0']
_viz_config[_viz_2].min_value = -1
_viz_config[_viz_2].max_value = 1
_viz_config[_viz_2].height = 0.12150668286755771
_viz_ace_editor = nengo_gui.components.AceEditor()
_viz_net_graph = nengo_gui.components.NetGraph()
_viz_sim_control = nengo_gui.components.SimControl()
_viz_config[_viz_sim_control].shown_time = 0.5
_viz_config[_viz_sim_control].kept_time = 4.0
_viz_config[action].pos=(0.12745098039215685, 0.3968253968253968)
_viz_config[action].size=(0.07843137254901959, 0.06349206349206349)
_viz_config[env_node].pos=(0.480392156862745, 0.3968253968253968)
_viz_config[env_node].size=(0.07843137254901959, 0.06349206349206349)
_viz_config[model].pos=(0, 0)
_viz_config[model].size=(1.0, 1.0)
_viz_config[model].expanded=True
_viz_config[model].has_layout=True
_viz_config[observation].pos=(0.8529411764705882, 0.15873015873015872)
_viz_config[observation].size=(0.09803921568627451, 0.07936507936507936)
_viz_config[reward].pos=(0.8529411764705882, 0.6349206349206349)
_viz_config[reward].size=(0.09803921568627451, 0.07936507936507936)