_viz_0 = nengo_gui.components.Value(tar)
_viz_config[_viz_0].max_value = 1
_viz_config[_viz_0].min_value = -1
_viz_config[_viz_0].show_legend = True
_viz_config[_viz_0].legend_labels = ['Dendritic computation', 'Two layer network', 'Target']
_viz_config[_viz_0].synapse = 0.1
_viz_config[_viz_0].x = 0.8469575279643894
_viz_config[_viz_0].y = 0.13698587393140343
_viz_config[_viz_0].width = 0.07019645424053665
_viz_config[_viz_0].height = 0.09939959973315543
_viz_config[_viz_0].label_visible = True
_viz_2 = nengo_gui.components.Slider(inp_b)
_viz_config[_viz_2].max_value = 1
_viz_config[_viz_2].min_value = 0
_viz_config[_viz_2].x = 0.18504309128263027
_viz_config[_viz_2].y = 0.21750549404014574
_viz_config[_viz_2].width = 0.023957834211787255
_viz_config[_viz_2].height = 0.066711140760507
_viz_config[_viz_2].label_visible = True
_viz_3 = nengo_gui.components.Slider(inp_a)
_viz_config[_viz_3].max_value = 1
_viz_config[_viz_3].min_value = 0
_viz_config[_viz_3].x = 0.18007305512088084
_viz_config[_viz_3].y = 0.6345166577680063
_viz_config[_viz_3].width = 0.023957834211787255
_viz_config[_viz_3].height = 0.066711140760507
_viz_config[_viz_3].label_visible = True
_viz_net_graph = nengo_gui.components.NetGraph()
_viz_progress = nengo_gui.components.Progress()
_viz_config[_viz_progress].x = 0
_viz_config[_viz_progress].y = 0
_viz_config[_viz_progress].width = 100
_viz_config[_viz_progress].height = 100
_viz_config[_viz_progress].label_visible = True
_viz_sim_control = nengo_gui.components.SimControl()
_viz_config[_viz_sim_control].shown_time = 0.5
_viz_config[_viz_sim_control].kept_time = 4.0
_viz_config[ens_a].pos=(0.34931506849315064, 0.5128205128205128)
_viz_config[ens_a].size=(0.0684931506849315, 0.06410256410256411)
_viz_config[ens_b].pos=(0.34931506849315064, 0.1282051282051282)
_viz_config[ens_b].size=(0.0684931506849315, 0.06410256410256411)
_viz_config[ens_c].pos=(0.6232876712328768, 0.1282051282051282)
_viz_config[ens_c].size=(0.0684931506849315, 0.06410256410256411)
_viz_config[ens_d].pos=(0.6232876712328768, 0.5128205128205128)
_viz_config[ens_d].size=(0.0684931506849315, 0.06410256410256411)
_viz_config[ens_e].pos=(0.8972602739726027, 0.5128205128205128)
_viz_config[ens_e].size=(0.0684931506849315, 0.06410256410256411)
_viz_config[inp_a].pos=(0.07706217878451732, 0.512587657514106)
_viz_config[inp_a].size=(0.0547945205479452, 0.05128205128205128)
_viz_config[inp_b].pos=(0.07706217878451732, 0.12953939552558585)
_viz_config[inp_b].size=(0.0547945205479452, 0.05128205128205128)
_viz_config[model].pos=(0.01772879731672257, 0.1661162813969779)
_viz_config[model].size=(1.0, 1.0)
_viz_config[model].expanded=True
_viz_config[model].has_layout=True
_viz_config[mul_a_b].pos=(0.07451871008395076, 0.32055387489191195)
_viz_config[mul_a_b].size=(0.015743250782731973, 0.010920464838207246)