_viz_0 = nengo_gui.components.Slider(speed)
_viz_config[_viz_0].label_visible = True
_viz_config[_viz_0].width = 0.05025125628140704
_viz_config[_viz_0].x = 0.09308726260019991
_viz_config[_viz_0].y = 0.38408589649964786
_viz_config[_viz_0].max_value = 2
_viz_config[_viz_0].min_value = -2
_viz_config[_viz_0].height = 0.14771048744460857
_viz_1 = nengo_gui.components.Value(sensors)
_viz_config[_viz_1].synapse = 0.01
_viz_config[_viz_1].max_value = 1
_viz_config[_viz_1].min_value = -1
_viz_config[_viz_1].legend_labels = ['label_0', 'label_1', 'label_2', 'label_3', 'label_4', 'label_5', 'label_6', 'label_7']
_viz_config[_viz_1].height = 0.14771048744460857
_viz_config[_viz_1].label_visible = True
_viz_config[_viz_1].width = 0.10050251256281408
_viz_config[_viz_1].show_legend = False
_viz_config[_viz_1].y = 0.2502573743341837
_viz_config[_viz_1].x = 0.8823363392303991
_viz_net_graph = nengo_gui.components.NetGraph()
_viz_progress = nengo_gui.components.Progress()
_viz_config[_viz_progress].label_visible = True
_viz_config[_viz_progress].width = 100
_viz_config[_viz_progress].height = 100
_viz_config[_viz_progress].y = 0
_viz_config[_viz_progress].x = 0
_viz_sim_control = nengo_gui.components.SimControl()
_viz_config[_viz_sim_control].kept_time = 4.0
_viz_config[_viz_sim_control].shown_time = 0.5
_viz_config[model].pos=(-0.010615711252653953, -0.041110677901817105)
_viz_config[model].size=(1, 1)
_viz_config[model].expanded=True
_viz_config[model].has_layout=True
_viz_config[motor].pos=(0.34931506849315064, 0.696969696969697)
_viz_config[motor].size=(0.0684931506849315, 0.15151515151515155)
_viz_config[robot].pos=(0.6232876712328768, 0.2727272727272727)
_viz_config[robot].size=(0.0547945205479452, 0.12121212121212122)
_viz_config[sensors].pos=(0.8972602739726027, 0.696969696969697)
_viz_config[sensors].size=(0.0684931506849315, 0.15151515151515155)
_viz_config[speed].pos=(0.08904109589041095, 0.696969696969697)
_viz_config[speed].size=(0.0547945205479452, 0.12121212121212122)