_viz_1 = nengo_gui.components.Value(state)
_viz_config[_viz_1].max_value = 1
_viz_config[_viz_1].min_value = 0
_viz_config[_viz_1].show_legend = True
_viz_config[_viz_1].legend_labels = ['ball x', ' ball y', ' bar']
_viz_config[_viz_1].synapse = 0.01
_viz_config[_viz_1].x = 0.9779966992282376
_viz_config[_viz_1].y = 0.34118680759303577
_viz_config[_viz_1].width = 0.12512978687029683
_viz_config[_viz_1].height = 0.17918581759889787
_viz_config[_viz_1].label_visible = True
_viz_2 = nengo_gui.components.HTMLView(display)
_viz_config[_viz_2].x = 0.5065065649238902
_viz_config[_viz_2].y = 0.247950479097991
_viz_config[_viz_2].width = 0.12639372411141095
_viz_config[_viz_2].height = 0.16339132682749624
_viz_config[_viz_2].label_visible = False
_viz_net_graph = nengo_gui.components.NetGraph()
_viz_progress = nengo_gui.components.Progress()
_viz_config[_viz_progress].x = 0
_viz_config[_viz_progress].y = 0
_viz_config[_viz_progress].width = 100
_viz_config[_viz_progress].height = 100
_viz_config[_viz_progress].label_visible = True
_viz_sim_control = nengo_gui.components.SimControl()
_viz_config[_viz_sim_control].shown_time = 0.5
_viz_config[_viz_sim_control].kept_time = 4.0
_viz_config[display].pos=(0.5136522807900946, 0.2482149606110985)
_viz_config[display].size=(0.3076923076923077, 0.24900293105874124)
_viz_config[keyboard].pos=(0.12745098039215685, 0.6969696969696969)
_viz_config[keyboard].size=(0.07843137254901959, 0.12121212121212119)
_viz_config[model].pos=(-0.023562629573160174, 0.09399077762984656)
_viz_config[model].size=(0.857181498726861, 0.857181498726861)
_viz_config[model].expanded=True
_viz_config[model].has_layout=True
_viz_config[state].pos=(0.8529411764705882, 0.6969696969696969)
_viz_config[state].size=(0.09803921568627451, 0.1515151515151515)
_viz_config[world].pos=(0.480392156862745, 0.6969696969696969)
_viz_config[world].size=(0.07843137254901959, 0.12121212121212119)